9.00

#################################################################################################################################################
#																																				#
#  The table below is used to look up what happens to a material when it collides with another													#
#  To see what happens to a material we look up its row and then cross reference with the column of												#
#  the material it has collided with the resulting index is used in the list of infos below this table											#
#  to find out what to do to the material																										#
#																																				#
#################################################################################################################################################
#																																				#
#						PUNCH_KICK				PISTOL_SMALL			SHOTGUN				ROCKET						LASER					#
#						    MELEE_WOOD				PISTOL_LARGE			RIFLE_ASSAULT  	    GRENADE						STUNGUN				#
#								MELEE_METAL				PISTOL_SILENCED			RIFLE_SNIPER		MOLOTOV						HEAVY_MG		#
#									MELEE_SHARP				RUBBER    	    		   					FIRE						VEHICLE_MG	#
#										MELEE_GENERIC			SMG											EXPLOSION					SPARE0  #
#																																				#
#################################################################################################################################################

WEAPONFX_TABLE_START

VOID					0   0	0   0	0		0   0   0   0	0		0   0   0   		000   0   0   0 000	    	0	0   0	0	0
GENERIC					0   000 000 000 000		000 000 000 000 000		000 000 000			000 000 000 000	000	    	0	000 000	000	0
																																	
CONCRETE				0   000 000 000 000		000 000 000 000	000		000 000 000			000 000 000 000	000			0	000 000	000	0
CONCRETE_DUSTY			0   000 000 000 000		000 000 000 000	000		000 000 000			000 000 000 000	000			0	000 000	000	0
TARMAC					0   000 000 000 000		000 000 000 000	000		000 000 000			000 000 000 000	000			0	000 000	000	0
TARMAC_BRITTLE			0   000 000 000 000		000 000 000 000	000		000 000 000			000 000 000 000	000	    	0	000 000	000	0
STONE					0   000 000 000 000		000 000 000 000	000		000 000 000			000 000 000 000	000			0	000 000	000	0
BRICK					0   000 000 000 000		000 000 000 000	000		000 000 000			000 000 000 000	000			0	000 000	000	0
MARBLE					0   000 000 000 000		000 000 000 000	000		000 000 000			000 000 000 000	000			0	000 000	000	0
PAVING					0   000 000 000 000		000 000 000 000	000		000 000 000			000 000 000 000	000			0	000 000	000	0
SANDSTONE				0   000 000 000 000		000 000 000 000	000		000 000 000			000 000 000 000	000			0	000 000	000	0
SANDSTONE_BRITTLE		0   000 000 000 000		000 000 000 000	000		000 000 000			000 000 000 000	000			0	000 000	000	0
																																	
SAND_LOOSE				0   0   0   0   0   	000 000 000 000	000		000 000 000			000 000 000 000	000			0	000 000	000	0
SAND_COMPACT			0   0   0   0   0   	000 000 000 000	000		000 000 000			000 000 000 000	000			0	000 000	000	0
SAND_WET				0   0   0   0   0   	000 000 000 000	000		000 000 000			000 000 000 000	000			0	000 000	000	0
SAND_UNDERWATER			0   0   0   0   0   	000 000 000 000	000		000 000 000			000 000 000 000	000			0	000 000	000	0
SAND_DEEP				0   0   0   0   0   	000 000 000 000	000		000 000 000			000 000 000 000	000			0	000 000	000	0
SAND_WET_DEEP			0   0   0   0   0   	000 000 000 000	000		000 000 000			000 000 000 000	000			0	000 000	000	0
ICE						0   000 000 000 000		000 000 000 000	000		000 000 000			000 000 000 000	000 	    0	000 000	000	0
SNOW_LOOSE				0   000 000 000 000 	000 000 000 000	000		000 000 000			000 000 000 000	000 	    0	000 000	000	0
SNOW_COMPACT			0   000 000 000 000		000 000 000 000	000		000 000 000			000 000 000 000	000 	    0	000 000	000	0
GRAVEL					0   000 000 000 000		000 000 000 000	000		000 000 000			000 000 000 000	000			0	000 000	000	0
GRAVEL_DEEP				0   000 000 000 000		000 000 000 000	000		000 000 000			000 000 000 000	000			0	000 000	000	0
DIRT_DRY				0   0   0   0   0   	000 000 000 000	000		000 000 000			000 000 000 000	000			0	000 000	000	0
MUD_SOFT				0   0   0   0   0   	000 000 000 000	000		000 000 000			000 000 000 000	000			0	000 000	000	0
MUD_DEEP				0   0   0   0   0   	000 000 000 000	000		000 000 000			000 000 000 000	000			0	000 000	000	0
MUD_UNDERWATER			0   0   0   0   0   	000 000 000 000	000		000 000 000			000 000 000 000	000			0	000 000	000	0
CLAY					0   0   0   0   0   	000 000 000 000	000		000 000 000			000 000 000 000	000 	    0	000 000	000	0
																																	
GRASS					0   0	0   0	0		000 000 000 000	000		000 000 000			000 000 000 000	000 	    0	000 000	000	0
GRASS_SHORT				0   0	0   0	0		000 000 000 000	000		000 000 000			000 000 000 000	000 	    0	000 000	000	0
HAY						0   0	0   0	0		000 000 000 000	000		000 000 000			000 000 000 000	000			0	000 000	000	0
BUSHES					0   000 000 000 000		000 000 000 000 000 	000 000 000 		000 000 000 000 000 	    0	000 000	000	0
TREE_BARK				0   000 000 000 000		000 000 000 000	000		000 000 000			000 000 000 000	000 	    0	000 000	000	0
LEAVES					0   000 000 000 000 	000 000 000 000 000 	000 000 000 		000 000 000 000	000			0	000 000	000	0
																																	
METAL					0   000 000 000 000 	000 000 000 000	000		000 000 000			000 000 000 000	000 	    0	000 000	000	0
																																	
WOOD					0   000 000 000 000		000 000 000 000	000		000 000 000			000 000 000 000	000 	    0	000 000	000	0
WOOD_DUSTY				0   000 000 000 000		000 000 000 000	000		000 000 000			000 000 000 000	000 	    0	000 000	000	0
WOOD_SPLINTER			0   000 000 000 000		000 000 000 000	000		000 000 000			000 000 000 000	000			0	000 000	000	0
																																	
CERAMIC					0   000 000 000 000		000 000 000 000	000		000 000 000			000 000 000 000	000 	    0	000 000	000	0
CARPET_FABRIC			0   0   0   0   0		000 000 000 000	000		000 000 000			000 000 000 000	000 	    0	000 000	000	0
CARPET_FABRIC_DUSTY		0   0   0   0   0		000 000 000 000	000		000 000 000			000 000 000 000	000 	    0	000 000	000	0
PLASTIC					0   000 000 000 000		000 000 000 000	000		000 000 000			000 000 000 000	000 	    0	000 000	000	0
PLASTIC_HOLLOW			0   000 000 000 000		000 000 000 000	000		000 000 000			000 000 000 000	000 	    0	000 000	000	0
RUBBER					0   0   0   0   0		000 000 000 000	000 	000 000 000 		000 000 000 000	000 	    0	000 000	000	0
LINOLEUM				0   000 000 000 000		000 000 000 000	000		000 000 000			000 000 000 000	000			0	000 000	000	0
PLASTER_BRITTLE			0   000 000 000 000		000 000 000 000	000		000 000 000			000 000 000 000	000 	    0	000 000	000	0
CARDBOARD				0   0   0   0   0		000 000 000 000	000		000 000 000			000 000 000 000	000 	    0	000 000	000	0
PAPER					0   0   0   0	0		000 000 000 000	000		000 000 000			000 000 000 000	000 	    0	000 000	000	0
FOAM					0   0   0   0	0		000 000 000 000	000		000 000 000			000 000 000 000	000			0	000 000	000	0
FEATHERS				0   000 000 000 000 	000 000 000 000	000		000 000 000			000 000 000 000	000 	    0	000 000	000	0
TVSCREEN				0   000 000 000 000 	000 000 000 000	000		000 000 000			000 000 000 000	000 	    0	000 000	000	0
																																	
GLASS					000 000 000 000 000		00  00  00  00	00		00  00  00			00	00 000 000	00			0	00	00	00	0
GLASS_BULLETPROOF		0   000 000 000 000 	000 000 000 000	000		000 000 000			000 000 000 000	000 	    0	000 000	00	0
																																	
CAR_METAL				0   000 000 000 000 	000 000 000 000	000		000 000 000			000 000 000 000	000 	    0	000 000	000	0
CAR_PLASTIC				0   000 000 000 000 	000 000 000 000	000		000 000 000			000 000 000 000	000 	    0	000 000	000	0
CAR_GLASS				000 000 000 000 000		00  00  00  00	00		00  00  00			00	00  000 000	00			0	00	00	00	0
																																	
PUDDLE					0   0	0   0	0		000 000 000 000	000		000 000 000			000 000 000	0	0	    	0	0   000	000	0

LIQUID_WATER			0   0	0   0	0		000 000 000 000	000		000 000 000			000 000 000	0	0	    	0	0   000	000	0
LIQUID_BLOOD			0   0	0   0	0		000 000 000 000	000		000 000 000			000 000 000 0	0	    	0	0   000	000	0
LIQUID_OIL				0   0	0   0	0		000 000 000 000	000		000 000 000			000 000 000 0	0	    	0	0   000	000	0
LIQUID_PETROL			0   0	0   0	0		000 000 000 000	000		000 000 000			000 000 000 0	0	    	0	0   000	000	0
LIQUID_MUD				0   0	0   0	0		000 000 000 000	000		000 000 000			000 000 000 0	0	    	0	0   000	000	0
																																	
FRESH_MEAT				0   0	0   0	0		000 000 000 000	000		000	000	000			000	000	000	000	000			000	000	000	000	0
DRIED_MEAT				0   0	0   0	0		000 000 000 000	000		000	000	000			000	000	000	000	000			000	000	000	000	0
																																	
PED_HEAD				0   0	0   0	0	 	0   0	0   0	0		0   0	0			0   0	0   0	0 	    	0	000 0	0	0
PED_TORSO				0   0	0   0	0 		0   0	0   0	0		0   0	0			0   0	0   0	0 	    	0	000 0	0	0
PED_LIMB				0   0	0   0	0  		0   0	0   0	0		0   0	0			0   0	0   0	0 	    	0	000 0	0	0
PED_FOOT				0   0	0   0	0  		0   0	0   0	0		0   0	0			0   0	0   0	0 	    	0	000 0	0	0
PED_CAPSULE				0   0	0   0	0  		0   0	0   0	0		0   0	0			0   0	0   0	0 	    	0	000	0	0	0
																																	
BRKGLASS_LOOKUP			0   0	0   0	0  		0   0   0   0	0		0   0   0			0   0	0   0	0 	    	0	0   0	0	0


WEAPONFX_TABLE_END



# MATERIAL ENTRIES BELOW: 000


WEAPONFX_INFO_START

#########################################################################################################################################################################################################
#		DECAL INFO ----------------------------------------------------------------------------------------------------------------------------->		PTFX INFO ---------------------------------->	#
# ID	DECAL	<---- STRETCH ----->	RANGE	COL_TINT			SIZE ----->		OVERLAY	DUPLIC	LIFE ----->		FADEIN	EXCLUS	SHOTGUN	---->		FX_SYS					RANGE	FX		LOD		#
#		ID		ID		DOT		MULT			R   G	B	A		MIN		MAX		MAX RAD	REJECT	MIN		MAX				MTL		DECAL	SCALE	    								SCALE	SCALE	#
#########################################################################################################################################################################################################

# BULLETS VS MATERIALS

# GLASS (FIRST HALF OF EACH IS THE NON BLOOD VARIANT - SECOND HALF OF EACH IS THE 'WITH BLOOD' VARIANT - MUST HAVE AN ID UNDER 000 TO WORK)
00		0000	0000	0.0		0.0		000.0	000 000	000	000		0.0		0.00	0.0		0.00	-0.0	-0.0	0.0		0		0000	0.0	    	-		00.0	0.0		0.0
00		0000	0000	0.0		0.0		000.0	000 000	000	000		0.00	0.00	0.0		0.00	-0.0	-0.0	0.0		0		0000	0.0	    	-		00.0	0.0		0.0	
00		0000	0000	0.0		0.0		000.0	000 000	000	000		0.00	0.00	0.0		0.00	-0.0	-0.0	0.0		0		0000	0.0	    	-		00.0	0.0		0.0	
00		0000	0000	0.0		0.0		000.0	000 000	000	000		0.00	0.00	0.0		0.00	-0.0	-0.0	0.0		0		0000	0.0	    	-		00.0	0.0		0.0	
00		0000	0000	0.0		0.0		00.0	000 000	000	000		0.0		0.0		0.0		0.0		-0.0	-0.0	0.0		0		-0		0.0	    	-				00.0	0.0		0.0
00		0000	0000	0.0		0.0		00.0	000 000	000	000		0.00	0.0		0.0		0.0		-0.0	-0.0	0.0		0		-0		0.0	    	-				00.0	0.0		0.0
00		0000	0000	0.0		0.0		00.0	000 000	000	000		0.0		0.0		0.0		0.0		-0.0	-0.0	0.0		0		-0		0.0	    	-				00.0	0.0		0.0
00		0000	0000	0.0		0.0		00.0	000 000	000	000		0.00	0.0		0.0		0.0		-0.0	-0.0	0.0		0		-0		0.0	    	-				00.0	0.0		0.0
00		0000	0000	0.0		0.0		000.0	000 000	000	000		0.0		0.00	0.0		0.0		-0.0	-0.0	0.0		0		-0		0.0	    	-				00.0	0.0		0.0
00		0000	0000	0.0		0.0		000.0	000 000	000	000		0.00	0.0		0.0		0.0		-0.0	-0.0	0.0		0		-0		0.0	    	-				00.0	0.0		0.0
00		0000	0000	0.0		0.0		000.0	000 000	000	000		0.0		0.0		0.0		0.0		-0.0	-0.0	0.0		0		-0		0.0	    	-				000.0	0.0		0.0
00		0000	0000	0.0		0.0		000.0	000 000	000	000		0.0		0.0		0.0		0.0		-0.0	-0.0	0.0		0		-0		0.0	    	-				000.0	0.0		0.0
00		0000	0000	0.0		0.0		000.0	000 000	000	000		0.0		0.0		0.0		0.0		-0.0	-0.0	0.0		0		-0		0.0	    	-			000.0	0.0		0.0
00		0000	0000	0.0		0.0		000.0	000 000	000	000		0.0		0.0		0.0		0.0		-0.0	-0.0	0.0		0		-0		0.0	    	-			000.0	0.0		0.0
00		0000	0000	0.0		0.0		000.0	000 000	000	000		0.0		0.0		0.0		0.0		-0.0	-0.0	0.0		0		-0		0.0	    	-						00.0	0.0		0.0
00		0000	0000	0.0		0.0		000.0	000 000	000	000		0.0		0.0		0.0		0.0		-0.0	-0.0	0.0		0		-0		0.0	    	-						00.0	0.0		0.0
00		0000	0000	0.0		0.0		000.0	000 000	000	000		0.0		0.0		0.0		0.0		-0.0	-0.0	0.0		0		-0		0.0	    	-			000.0	0.0		0.0
00		0000	0000	0.0		0.0		000.0	000 000	000	000		0.0		0.0		0.0		0.0		-0.0	-0.0	0.0		0		-0		0.0	    	-			000.0	0.0		0.0



# METAL_CARMETAL
000		0000	0000	0.0		0.0		00.0	000 000	000	000		0.00	0.00	0.0		0.00	-0.0	-0.0	0.0		0		-0		0.0	    	-			00.0	0.0		0.0
000		0000	0000	0.00	0.0		00.0	000 000	000	000		0.00	0.00	0.0		0.00	-0.0	-0.0	0.0		0		-0		0.0	    	-			00.0	0.0		0.0
000		0000	0000	0.0		0.0		00.0	000 000	000	000		0.00	0.0		0.0		0.0		-0.0	-0.0	0.0		0		-0		0.0  	  	-		000.0	0.0		0.0
000		0000	0000	0.00	0.0		00.0	000 000	000	000		0.00	0.00	0.0		0.00	-0.0	-0.0	0.0		0		-0		0.0  	  	-			000.0	0.0		0.0
000		0000	0000	0.0		0.0		00.0	000 000	000	000		0.00	0.00	0.0		0.00	-0.0	-0.0	0.0		0		0000	0.0	    	-			00.0	0.0		0.0


# CONCRETE
000		0000	0000	0.0		0.0		00.0	000 000	000	000		0.00	0.00	0.0		0.0		-0.0	-0.0	0.0		0		-0		0.0	    	-			00.0	0.0		0.0
000		0000	0000	0.00	0.0		00.0	000 000	000	000		0.00	0.00	0.00	0.0		-0.0	-0.0	0.0		0		-0		0.0	    	-			00.0	0.0		0.0
000		0000	0000	0.0		0.0		00.0	000 000	000	000		0.0		0.00	0.00	0.0		-0.0	-0.0	0.0		0		-0		0.0  	  	-		000.0	0.0		0.0
000		0000	0000	0.00	0.0		00.0	000 000	000	000		0.00	0.00	0.0		0.0		-0.0	-0.0	0.0		0		-0		0.0  	  	-	000.0	0.0		0.0
000		0000	0000	0.0		0.0		00.0	000 000	000	000		0.00	0.0		0.0		0.0		-0.0	-0.0	0.0		0		0000	0.0	    	-			00.0	0.0		0.0


# PLASTER
000		0000	0000	0.0		0.0		00.0	000 000	000	000		0.00	0.00	0.0		0.0		-0.0	-0.0	0.0		0		-0		0.0	    	-		00.0	0.0		0.0
000		0000	0000	0.00	0.0		00.0	000 000	000	000		0.00	0.00	0.00	0.0		-0.0	-0.0	0.0		0		-0		0.0	    	-		00.0	0.0		0.0
000		0000	0000	0.0		0.0		00.0	000 000	000	000		0.0		0.00	0.00	0.0		-0.0	-0.0	0.0		0		-0		0.0  	  	-		000.0	0.0		0.0
000		0000	0000	0.00	0.0		00.0	000 000	000	000		0.00	0.00	0.0		0.0		-0.0	-0.0	0.0		0		-0		0.0  	  	-		000.0	0.0		0.0
000		0000	0000	0.0		0.0		00.0	000 000	000	000		0.00	0.0		0.0		0.0		-0.0	-0.0	0.0		0		0000	0.0	    	-		00.0	0.0		0.0


# WOOD
000		0000	0000	0.0		0.0		00.0	000 000	000	000		0.00	0.00	0.0		0.0		-0.0	-0.0	0.0		0		-0		0.0	    	-		00.0	0.0		0.0
000		0000	0000	0.00	0.0		00.0	000 000	000	000		0.00	0.00	0.00	0.0		-0.0	-0.0	0.0		0		-0		0.0	    	-		00.0	0.0		0.0
000		0000	0000	0.0		0.0		00.0	000 000	000	000		0.0		0.00	0.00	0.0		-0.0	-0.0	0.0		0		-0		0.0  	  	-	000.0	0.0		0.0
000		0000	0000	0.00	0.0		00.0	000 000	000	000		0.00	0.00	0.0		0.0		-0.0	-0.0	0.0		0		-0		0.0  	  	-		000.0	0.0		0.0
000		0000	0000	0.0		0.0		00.0	000 000	000	000		0.00	0.0		0.0		0.0		-0.0	-0.0	0.0		0		0000	0.0	    	-		00.0	0.0		0.0


# DEFAULT DECALS (DEFAULT/RUBBER)
000		0000	0000	0.0		0.0		00.0	000 000	000	000		0.00	0.00	0.0		0.0		-0.0	-0.0	0.0		0		-0		0.0	    	-			00.0	0.0		0.0
000		0000	0000	0.00	0.0		00.0	000 000	000	000		0.00	0.00	0.00	0.0		-0.0	-0.0	0.0		0		-0		0.0	    	-			00.0	0.0		0.0
000		0000	0000	0.00	0.0		00.0	000 000	000	000		0.00	0.00	0.0		0.0		-0.0	-0.0	0.0		0		-0		0.0  	  	-			000.0	0.0		0.0
000		0000	0000	0.0		0.0		00.0	000 000	000	000		0.00	0.0		0.0		0.0		-0.0	-0.0	0.0		0		0000	0.0	    	-			00.0	0.0		0.0


# DEFAULT PLASTIC
000		0000	0000	0.0		0.0		00.0	000 000	000	000		0.00	0.00	0.0		0.00	-0.0	-0.0	0.0		0		-0		0.0	    	-				00.0	0.0		0.0
000		0000	0000	0.00	0.0		00.0	000 000	000	000		0.00	0.00	0.0		0.00	-0.0	-0.0	0.0		0		-0		0.0	    	-				00.0	0.0		0.0
000		0000	0000	0.0		0.0		00.0	000 000	000	000		0.00	0.0		0.0		0.0		-0.0	-0.0	0.0		0		-0		0.0  	  	-				000.0	0.0		0.0
000		0000	0000	0.00	0.0		00.0	000 000	000	000		0.00	0.00	0.0		0.00	-0.0	-0.0	0.0		0		-0		0.0  	  	-				000.0	0.0		0.0
000		0000	0000	0.0		0.0		00.0	000 000	000	000		0.00	0.0		0.0		0.0		-0.0	-0.0	0.0		0		0000	0.0	    	-				00.0	0.0		0.0


# PAPER
000		0000	0000	0.0		0.0		00.0	000 000	000	000		0.00	0.00	0.0		0.00	-0.0	-0.0	0.0		0		-0		0.0	    	-				00.0	0.0		0.0
000		0000	0000	0.00	0.0		00.0	000 000	000	000		0.00	0.00	0.0		0.00	-0.0	-0.0	0.0		0		-0		0.0	    	-				00.0	0.0		0.0
000		0000	0000	0.0		0.0		00.0	000 000	000	000		0.00	0.0		0.0		0.0		-0.0	-0.0	0.0		0		-0		0.0  	  	-				000.0	0.0		0.0
000		0000	0000	0.00	0.0		00.0	000 000	000	000		0.00	0.00	0.0		0.00	-0.0	-0.0	0.0		0		-0		0.0  	  	-				000.0	0.0		0.0
000		0000	0000	0.0		0.0		00.0	000 000	000	000		0.00	0.0		0.0		0.0		-0.0	-0.0	0.0		0		0000	0.0	    	-				00.0	0.0		0.0


# GRAVEL
000		0000	0000	0.0		0.0		00.0	000 000	000	000		0.00	0.00	0.0		0.0		-0.0	-0.0	0.0		0		-0		0.0	    	-				00.0	0.0		0.0
000		0000	0000	0.00	0.0		00.0	000 000	000	000		0.00	0.00	0.00	0.0		-0.0	-0.0	0.0		0		-0		0.0	    	-				00.0	0.0		0.0
000		0000	0000	0.0		0.0		00.0	000 000	000	000		0.0		0.00	0.00	0.0		-0.0	-0.0	0.0		0		-0		0.0  	  	-			000.0	0.0		0.0
000		0000	0000	0.00	0.0		00.0	000 000	000	000		0.00	0.00	0.0		0.0		-0.0	-0.0	0.0		0		-0		0.0  	  	-				000.0	0.0		0.0
000		0000	0000	0.0		0.0		00.0	000 000	000	000		0.00	0.0		0.0		0.0		-0.0	-0.0	0.0		0		0000	0.0	    	-				00.0	0.0		0.0
	

# SAND LOOSE
000		0000	0000	0.0		0.0		00.0	000 000	000	000		0.00	0.00	0.0		0.0		-0.0	-0.0	0.0		0		-0		0.0	    	-			00.0	0.0		0.0
000		0000	0000	0.00	0.0		00.0	000 000	000	000		0.00	0.00	0.00	0.0		-0.0	-0.0	0.0		0		-0		0.0	    	-			00.0	0.0		0.0
000		0000	0000	0.0		0.0		00.0	000 000	000	000		0.0		0.00	0.00	0.0		-0.0	-0.0	0.0		0		-0		0.0  	  	-		000.0	0.0		0.0
000		0000	0000	0.00	0.0		00.0	000 000	000	000		0.00	0.00	0.0		0.0		-0.0	-0.0	0.0		0		-0		0.0  	  	-			000.0	0.0		0.0
000		0000	0000	0.0		0.0		00.0	000 000	000	000		0.00	0.0		0.0		0.0		-0.0	-0.0	0.0		0		0000	0.0	    	-			00.0	0.0		0.0


# SAND COMPACT
000		0000	0000	0.0		0.0		00.0	000 000	000	000		0.00	0.00	0.0		0.0		-0.0	-0.0	0.0		0		-0		0.0	    	-				00.0	0.0		0.0
000		0000	0000	0.00	0.0		00.0	000 000	000	000		0.00	0.00	0.00	0.0		-0.0	-0.0	0.0		0		-0		0.0	    	-				00.0	0.0		0.0
000		0000	0000	0.0		0.0		00.0	000 000	000	000		0.0		0.00	0.00	0.0		-0.0	-0.0	0.0		0		-0		0.0  	  	-			000.0	0.0		0.0
000		0000	0000	0.00	0.0		00.0	000 000	000	000		0.00	0.00	0.0		0.0		-0.0	-0.0	0.0		0		-0		0.0  	  	-				000.0	0.0		0.0
000		0000	0000	0.0		0.0		00.0	000 000	000	000		0.00	0.0		0.0		0.0		-0.0	-0.0	0.0		0		0000	0.0	    	-				00.0	0.0		0.0


# SAND WET AND MUD
000		0000	0000	0.0		0.0		00.0	000 000	000	000		0.00	0.00	0.0		0.0		-0.0	-0.0	0.0		0		-0		0.0	    	-					00.0	0.0		0.0
000		0000	0000	0.00	0.0		00.0	000 000	000	000		0.00	0.00	0.00	0.0		-0.0	-0.0	0.0		0		-0		0.0	    	-					00.0	0.0		0.0
000		0000	0000	0.0		0.0		00.0	000 000	000	000		0.0		0.00	0.00	0.0		-0.0	-0.0	0.0		0		-0		0.0  	  	-			000.0	0.0		0.0
000		0000	0000	0.00	0.0		00.0	000 000	000	000		0.00	0.00	0.0		0.0		-0.0	-0.0	0.0		0		-0		0.0  	  	-					000.0	0.0		0.0
000		0000	0000	0.0		0.0		00.0	000 000	000	000		0.00	0.0		0.0		0.0		-0.0	-0.0	0.0		0		0000	0.0	    	-					00.0	0.0		0.0


# SANDSTONE
000		0000	0000	0.0		0.0		00.0	000 000	000	000		0.00	0.00	0.0		0.0		-0.0	-0.0	0.0		0		-0		0.0	    	-				00.0	0.0		0.0
000		0000	0000	0.00	0.0		00.0	000 000	000	000		0.00	0.00	0.00	0.0		-0.0	-0.0	0.0		0		-0		0.0	    	-				00.0	0.0		0.0
000		0000	0000	0.0		0.0		00.0	000 000	000	000		0.0		0.00	0.00	0.0		-0.0	-0.0	0.0		0		-0		0.0  	  	-			000.0	0.0		0.0
000		0000	0000	0.00	0.0		00.0	000 000	000	000		0.00	0.00	0.0		0.0		-0.0	-0.0	0.0		0		-0		0.0  	  	-				000.0	0.0		0.0
000		0000	0000	0.0		0.0		00.0	000 000	000	000		0.00	0.0		0.0		0.0		-0.0	-0.0	0.0		0		0000	0.0	    	-				00.0	0.0		0.0


# MATTRESS_FOAM
000		0000	0000	0.0		0.0		00.0	000 000	000	000		0.00	0.00	0.0		0.0		-0.0	-0.0	0.0		0		-0		0.0	    	-				00.0	0.0		0.0
000		0000	0000	0.00	0.0		00.0	000 000	000	000		0.00	0.00	0.00	0.0		-0.0	-0.0	0.0		0		-0		0.0	    	-				00.0	0.0		0.0
000		0000	0000	0.0		0.0		00.0	000 000	000	000		0.0		0.00	0.00	0.0		-0.0	-0.0	0.0		0		-0		0.0  	  	-				000.0	0.0		0.0
000		0000	0000	0.00	0.0		00.0	000 000	000	000		0.00	0.00	0.0		0.0		-0.0	-0.0	0.0		0		-0		0.0  	  	-				000.0	0.0		0.0
000		0000	0000	0.0		0.0		00.0	000 000	000	000		0.00	0.0		0.0		0.0		-0.0	-0.0	0.0		0		0000	0.0	    	-				00.0	0.0		0.0
                                                                                                                                                       

# GRASS
000		0000	0000	0.0		0.0		00.0	000 000	00	000		0.00	0.00	0.0		0.0		-0.0	-0.0	0.0		0		-0		0.0	    	-				00.0	0.0		0.0
000		0000	0000	0.0		0.0		00.0	000 000	00	000		0.00	0.00	0.0		0.0		-0.0	-0.0	0.0		0		-0		0.0	    	-				00.0	0.0		0.0
000		0000	0000	0.0		0.0		00.0	000 000	00	000		0.00	0.00	0.0		0.0		-0.0	-0.0	0.0		0		-0		0.0	    	-			000.0	0.0		0.0
000		0000	0000	0.0		0.0		00.0	000 000	00	000		0.0		0.0		0.0		0.0		-0.0	-0.0	0.0		0		-0		0.0	    	-				000.0	0.0		0.0
000		0000	0000	0.0		0.0		00.0	000 000	00	000		0.00	0.00	0.0		0.0		-0.0	-0.0	0.0		0		0000	0.0	    	-				00.0	0.0		0.0


# HAY
000		0000	0000	0.0		0.0		00.0	000 000	000	000		0.00	0.00	0.0		0.0		-0.0	-0.0	0.0		0		-0		0.0	    	-					00.0	0.0		0.0
000		0000	0000	0.0		0.0		00.0	000 000	000	000		0.00	0.00	0.0		0.0		-0.0	-0.0	0.0		0		-0		0.0	    	-					00.0	0.0		0.0
000		0000	0000	0.0		0.0		00.0	000 000	000	000		0.00	0.00	0.0		0.0		-0.0	-0.0	0.0		0		-0		0.0	    	-					000.0	0.0		0.0
000		0000	0000	0.0		0.0		00.0	000 000	000	000		0.00	0.0		0.0		0.0		-0.0	-0.0	0.0		0		-0		0.0	    	-					000.0	0.0		0.0
000		0000	0000	0.0		0.0		00.0	000 000	000	000		0.00	0.00	0.0		0.0		-0.0	-0.0	0.0		0		0000	0.0	    	-					00.0	0.0		0.0


# CARDBOARD
000		0000	0000	0.0		0.0		00.0	000 000	000	000		0.00	0.00	0.0		0.00	-0.0	-0.0	0.0		0		-0		0.0	    	-			00.0	0.0		0.0
000		0000	0000	0.00	0.0		00.0	000 000	000	000		0.00	0.00	0.0		0.00	-0.0	-0.0	0.0		0		-0		0.0	    	-			00.0	0.0		0.0
000		0000	0000	0.0		0.0		00.0	000 000	000	000		0.00	0.0		0.0		0.0		-0.0	-0.0	0.0		0		-0		0.0  	  	-			000.0	0.0		0.0
000		0000	0000	0.00	0.0		00.0	000 000	000	000		0.00	0.00	0.0		0.00	-0.0	-0.0	0.0		0		-0		0.0  	  	-			000.0	0.0		0.0
000		0000	0000	0.0		0.0		00.0	000 000	000	000		0.00	0.0		0.0		0.0		-0.0	-0.0	0.0		0		0000	0.0	    	-			00.0	0.0		0.0


# DIRT_DRY
000		0000	0000	0.0		0.0		00.0	000 000	000	000		0.00	0.00	0.0		0.0		-0.0	-0.0	0.0		0		-0		0.0	    	-				00.0	0.0		0.0
000		0000	0000	0.00	0.0		00.0	000 000	000	000		0.00	0.00	0.00	0.0		-0.0	-0.0	0.0		0		-0		0.0	    	-				00.0	0.0		0.0
000		0000	0000	0.0		0.0		00.0	000 000	000	000		0.0		0.00	0.00	0.0		-0.0	-0.0	0.0		0		-0		0.0  	  	-			000.0	0.0		0.0
000		0000	0000	0.00	0.0		00.0	000 000	000	000		0.00	0.00	0.0		0.0		-0.0	-0.0	0.0		0		-0		0.0  	  	-				000.0	0.0		0.0
000		0000	0000	0.0		0.0		00.0	000 000	000	000		0.00	0.0		0.0		0.0		-0.0	-0.0	0.0		0		0000	0.0	    	-				00.0	0.0		0.0


# LEAVES_PILE
000		0		0		0.0		0.0		00.0	000 000	000	000		0.0		0.0		0.0		0.0		-0.0	-0.0	0.0		0		-0		0.0	    	-				00.0	0.0		0.0
000		0		0		0.0		0.0		00.0	000 000	000	000		0.0		0.0		0.0		0.0		-0.0	-0.0	0.0		0		-0		0.0	    	-				00.0	0.0		0.0
000		0		0		0.0		0.0		00.0	000 000	000	000		0.0		0.0		0.0		0.0		-0.0	-0.0	0.0		0		-0		0.0	    	-				000.0	0.0		0.0
000		0		0		0.0		0.0		00.0	000 000	000	000		0.0		0.0		0.0		0.0		-0.0	-0.0	0.0		0		-0		0.0	    	-				000.0	0.0		0.0
000		0		0		0.0		0.0		00.0	000 000	000	000		0.0		0.0		0.0		0.0		-0.0	-0.0	0.0		0		-0		0.0	    	-				00.0	0.0		0.0


# CARPET_FABRIC
000		0000	0000	0.0		0.0		00.0	000 000	000	000		0.00	0.00	0.0		0.0		-0.0	-0.0	0.0		0		-0		0.0	    	-				00.0	0.0		0.0
000		0000	0000	0.0		0.0		00.0	000 000	000	000		0.00	0.00	0.0		0.0		-0.0	-0.0	0.0		0		-0		0.0	    	-				00.0	0.0		0.0
000		0000	0000	0.0		0.0		00.0	000 000	000	000		0.00	0.00	0.0		0.0		-0.0	-0.0	0.0		0		-0		0.0	    	-				000.0	0.0		0.0
000		0000	0000	0.0		0.0		00.0	000 000	000	000		0.0		0.0		0.0		0.0		-0.0	-0.0	0.0		0		-0		0.0	    	-				000.0	0.0		0.0
000		0000	0000	0.0		0.0		00.0	000 000	000	000		0.00	0.00	0.0		0.0		-0.0	-0.0	0.0		0		0000	0.0	    	-				00.0	0.0		0.0


# PILLOW_FEATHER
000		0000	0000	0.0		0.0		00.0	000 000	000	000		0.00	0.00	0.0		0.0		-0.0	-0.0	0.0		0		-0		0.0	    	-			00.0	0.0		0.0
000		0000	0000	0.0		0.0		00.0	000 000	000	000		0.00	0.00	0.0		0.0		-0.0	-0.0	0.0		0		-0		0.0	    	-			00.0	0.0		0.0
000		0000	0000	0.0		0.0		00.0	000 000	000	000		0.00	0.00	0.0		0.0		-0.0	-0.0	0.0		0		-0		0.0	    	-			000.0	0.0		0.0
000		0000	0000	0.0		0.0		00.0	000 000	000	000		0.0		0.0		0.0		0.0		-0.0	-0.0	0.0		0		-0		0.0	    	-			000.0	0.0		0.0
000		0000	0000	0.0		0.0		00.0	000 000	000	000		0.00	0.00	0.0		0.0		-0.0	-0.0	0.0		0		0000	0.0	    	-			00.0	0.0		0.0


# TVSCREEN
000		0000	0000	0.0		0.0		00.0	000 000	000	000		0.00	0.00	0.0		0.0		-0.0	-0.0	0.0		0		-0		0.0	    	-			00.0	0.0		0.0
000		0000	0000	0.0		0.0		00.0	000 000	000	000		0.00	0.00	0.0		0.0		-0.0	-0.0	0.0		0		-0		0.0	    	-			00.0	0.0		0.0
000		0000	0000	0.0		0.0		00.0	000 000	000	000		0.00	0.00	0.0		0.0		-0.0	-0.0	0.0		0		-0		0.0	    	-			000.0	0.0		0.0
000		0000	0000	0.0		0.0		00.0	000 000	000	000		0.0		0.0		0.0		0.0		-0.0	-0.0	0.0		0		-0		0.0	    	-			000.0	0.0		0.0
000		0000	0000	0.0		0.0		00.0	000 000	000	000		0.00	0.00	0.0		0.0		-0.0	-0.0	0.0		0		0000	0.0	    	-			00.0	0.0		0.0

																																				
# BRICK
000		0000	0000	0.0		0.0		00.0	000 000	000	000		0.00	0.00	0.0		0.0		-0.0	-0.0	0.0		0		-0		0.0	    	-				00.0	0.0		0.0
000		0000	0000	0.00	0.0		00.0	000 000	000	000		0.00	0.00	0.00	0.0		-0.0	-0.0	0.0		0		-0		0.0	    	-				00.0	0.0		0.0
000		0000	0000	0.0		0.0		00.0	000 000	000	000		0.0		0.00	0.00	0.0		-0.0	-0.0	0.0		0		-0		0.0  	  	-			000.0	0.0		0.0
000		0000	0000	0.00	0.0		00.0	000 000	000	000		0.00	0.00	0.0		0.0		-0.0	-0.0	0.0		0		-0		0.0  	  	-				000.0	0.0		0.0
000		0000	0000	0.0		0.0		00.0	000 000	000	000		0.00	0.0		0.0		0.0		-0.0	-0.0	0.0		0		0000	0.0	    	-				00.0	0.0		0.0


# SNOW [PROLOGUE ONLY]
000		0000	0000	0.0		0.0		00.0	000 000	000	000		0.00	0.00	0.0		0.0		-0.0	-0.0	0.0		0		-0		0.0	    	-				00.0	0.0		0.0
000		0000	0000	0.00	0.0		00.0	000 000	000	000		0.00	0.00	0.00	0.0		-0.0	-0.0	0.0		0		-0		0.0	    	-				00.0	0.0		0.0
000		0000	0000	0.0		0.0		00.0	000 000	000	000		0.0		0.00	0.00	0.0		-0.0	-0.0	0.0		0		-0		0.0  	  	-			000.0	0.0		0.0
000		0000	0000	0.00	0.0		00.0	000 000	000	000		0.00	0.00	0.0		0.0		-0.0	-0.0	0.0		0		-0		0.0  	  	-				000.0	0.0		0.0
000		0000	0000	0.0		0.0		00.0	000 000	000	000		0.00	0.0		0.0		0.0		-0.0	-0.0	0.0		0		0000	0.0	    	-				00.0	0.0		0.0


# MEAT
000		0000	0000	0.0		0.0		00.0	00	0	0	000		0.00	0.00	0.0		0.0		-0.0	-0.0	0.0		0		-0	0.0	    		-			00.0	0.0		0.0
000		0000	0000	0.0		0.0		00.0	00	0	0	000		0.00	0.00	0.0		0.0		-0.0	-0.0	0.0		0		-0	0.0	    		-			00.0	0.0		0.0


# TARMAC
000		0000	0000	0.0		0.0		00.0	000 000	000	000		0.00	0.00	0.0		0.0		-0.0	-0.0	0.0		0		-0		0.0	    	-				00.0	0.0		0.0
000		0000	0000	0.00	0.0		00.0	000 000	000	000		0.00	0.00	0.00	0.0		-0.0	-0.0	0.0		0		-0		0.0	    	-				00.0	0.0		0.0
000		0000	0000	0.0		0.0		00.0	000 000	000	000		0.0		0.00	0.00	0.0		-0.0	-0.0	0.0		0		-0		0.0  	  	-			000.0	0.0		0.0
000		0000	0000	0.00	0.0		00.0	000 000	000	000		0.00	0.00	0.0		0.0		-0.0	-0.0	0.0		0		-0		0.0  	  	-				000.0	0.0		0.0
000		0000	0000	0.0		0.0		00.0	000 000	000	000		0.00	0.0		0.0		0.0		-0.0	-0.0	0.0		0		0000	0.0	    	-				00.0	0.0		0.0



#########################################################################################################################################################################################################
#		DECAL INFO ----------------------------------------------------------------------------------------------------------------------------->		PTFX INFO ---------------------------------->	#
# ID	DECAL	<---- STRETCH ----->	RANGE	COL_TINT			SIZE ----->		OVERLAY	DUPLIC	LIFE ----->		FADEIN	EXCLUS	SHOTGUN	---->		FX_SYS					RANGE	FX		LOD		#
#		ID		ID		DOT		MULT			R   G	B	A		MIN		MAX		MAX RAD	REJECT	MIN		MAX				MTL		DECAL	SCALE	    								SCALE	SCALE	#
#########################################################################################################################################################################################################

# BULLETS VS LIQUID DECALS
# THESE WILL USE DECAL INFORMATION FROM THE UNDERLYING VFXGROUP AND PARTICLE INFO FROM THIS DATA

# WATER
000		0		0		0.0		0.0		00.0	000 000	000	000		0.0		0.0		0.0		0.0		-0.0	-0.0	0.0		0		-0	0.0	    		-			00.0	0.0		0.0
000		0		0		0.0		0.0		00.0	000 000	000	000		0.0		0.0		0.0		0.0		-0.0	-0.0	0.0		0		-0	0.0	    		-			000.0	00.0	00.0
000		0		0		0.0		0.0		00.0	000 000	000	000		0.0		0.0		0.0		0.0		-0.0	-0.0	0.0		0		-0	0.0	    		-			00.0	0.0		0.0
000		0		0		0.0		0.0		00.0	000 000	000	000		0.0		0.0		0.0		0.0		-0.0	-0.0	0.0		0		-0	0.0	    		-			00.0	0.0		0.0
000		0		0		0.0		0.0		00.0	000 000	000	000		0.0		0.0		0.0		0.0		-0.0	-0.0	0.0		0		-0	0.0	    		-			00.0	0.0		0.0


# BLOOD
000		0		0		0.0		0.0		00.0	000 000	000	000		0.0		0.0		0.0		0.0		-0.0	-0.0	0.0		0		-0	0.0	    		-			00.0	0.0		0.0
000		0		0		0.0		0.0		00.0	000 000	000	000		0.0		0.0		0.0		0.0		-0.0	-0.0	0.0		0		-0	0.0	    		-			00.0	0.0		0.0

# OIL
000		0		0		0.0		0.0		00.0	000 000	000	000		0.0		0.0		0.0		0.0		-0.0	-0.0	0.0		0		-0	0.0	    		-			00.0	0.0		0.0
000		0		0		0.0		0.0		00.0	000 000	000	000		0.0		0.0		0.0		0.0		-0.0	-0.0	0.0		0		-0	0.0	    		-			00.0	0.0		0.0

# PETROL
000		0		0		0.0		0.0		00.0	000 000	000	000		0.0		0.0		0.0		0.0		-0.0	-0.0	0.0		0		-0	0.0	    		-		00.0	0.0		0.0
000		0		0		0.0		0.0		00.0	000 000	000	000		0.0		0.0		0.0		0.0		-0.0	-0.0	0.0		0		-0	0.0	    		-		00.0	0.0		0.0

# MUD
000		0		0		0.0		0.0		00.0	000 000	000	000		0.0		0.0		0.0		0.0		-0.0	-0.0	0.0		0		-0	0.0	    		-			00.0	0.0		0.0
000		0		0		0.0		0.0		00.0	000 000	000	000		0.0		0.0		0.0		0.0		-0.0	-0.0	0.0		0		-0	0.0	    		-			00.0	0.0		0.0


#########################################################################################################################################################################################################
#		DECAL INFO ----------------------------------------------------------------------------------------------------------------------------->		PTFX INFO ---------------------------------->	#
# ID	DECAL	<---- STRETCH ----->	RANGE	COL_TINT			SIZE ----->		OVERLAY	DUPLIC	LIFE ----->		FADEIN	EXCLUS	SHOTGUN	---->		FX_SYS					RANGE	FX		LOD		#
#		ID		ID		DOT		MULT			R   G	B	A		MIN		MAX		MAX RAD	REJECT	MIN		MAX				MTL		DECAL	SCALE	    								SCALE	SCALE	#
#########################################################################################################################################################################################################

# MELEE WEAPONS #

# VS CONCRETE
000		0000	0000	0.0		0.0		00.0	000 000	000	000		0.00	0.00	0.0		0.0		-0.0	-0.0	0.0		0		-0		0.0	    	-						00.0	0.0		0.0
000		0000	0000	0.0		0.0		00.0	000 000	000	000		0.00	0.0		0.0		0.0		-0.0	-0.0	0.0		0		-0		0.0	    	-						00.0	0.0		0.0


# VS METAL
000		0000	0000	0.0		0.0		00.0	000 000	000	000		0.00	0.00	0.0		0.0		-0.0	-0.0	0.0		0		-0		0.0	    	-			00.0	0.0		0.0
000		0000	0000	0.0		0.0		00.0	000 000	000	000		0.00	0.00	0.0		0.0		-0.0	-0.0	0.0		0		-0		0.0	    	-			00.0	0.0		0.0


# WOOD VS METAL
000		0000	0000	0.0		0.0		00.0	000 000	000	000		0.00	0.00	0.00	0.0		-0.0	-0.0	0.0		0		-0		0.0	    	-						00.0	0.0		0.0
000		0000	0000	0.0		0.0		00.0	000 000	000	000		0.00	0.00	0.00	0.0		-0.0	-0.0	0.0		0		-0		0.0	    	-						00.0	0.0		0.0


# VS WOOD
000		0000	0000	0.0		0.0		00.0	000 000	000	000		0.0		0.0		0.0		0.0		-0.0	-0.0	0.0		0		-0		0.0	    	-						00.0	0.0		0.0
000		0000	0000	0.0		0.0		00.0	000 000	000	000		0.0		0.0		0.0		0.0		-0.0	-0.0	0.0		0		-0		0.0	    	-						00.0	0.0		0.0


# VS GLASS
000		0000	0000	0.0		0.0		00.0	000 000	000	000		0.0		0.0		0.0		0.0		-0.0	-0.0	0.0		0		-0		0.0	    	-						00.0	0.0		0.0
000		0000	0000	0.0		0.0		00.0	000 000	000	000		0.0		0.0		0.0		0.0		-0.0	-0.0	0.0		0		-0		0.0	    	-						00.0	0.0		0.0


#########################################################################################################################################################################################################
#		DECAL INFO ----------------------------------------------------------------------------------------------------------------------------->		PTFX INFO ---------------------------------->	#
# ID	DECAL	<---- STRETCH ----->	RANGE	COL_TINT			SIZE ----->		OVERLAY	DUPLIC	LIFE ----->		FADEIN	EXCLUS	SHOTGUN	---->		FX_SYS					RANGE	FX		LOD		#
#		ID		ID		DOT		MULT			R   G	B	A		MIN		MAX		MAX RAD	REJECT	MIN		MAX				MTL		DECAL	SCALE	    								SCALE	SCALE	#
#########################################################################################################################################################################################################

# RUBBER BULLET VS GLASS #

000		0000	0000	0.0		0.0		00.0	000 000	000	000		0.0		0.0		0.0		0.0		-0.0	-0.0	0.0		0		-0		0.0	    	-						00.0	0.0		0.0


# STUNGUN #

000		0		0		0.0		0.0		00.0	000 000	000	000		0.0		0.0		0.0		0.0		-0.0	-0.0	0.0		0		-0		0.0	    	bul_stungun				00.0	0.0		0.0
000		0		0		0.0		0.0		00.0	000 000	000	000		0.0		0.0		0.0		0.0		-0.0	-0.0	0.0		0		-0		0.0	    	blood_stungun			00.0	0.0		0.0
000		0000	0000	0.0		0.0		00.0	000 000	000	000		0.00	0.00	0.0		0.00	-0.0	-0.0	0.0		0		-0		0.0	    	bul_stungun_metal		00.0	0.0		0.0


#########################################################################################################################################################################################################
#		DECAL INFO ----------------------------------------------------------------------------------------------------------------------------->		PTFX INFO ---------------------------------->	#
# ID	DECAL	<---- STRETCH ----->	RANGE	COL_TINT			SIZE ----->		OVERLAY	DUPLIC	LIFE ----->		FADEIN	EXCLUS	SHOTGUN	---->		FX_SYS					RANGE	FX		LOD		#
#		ID		ID		DOT		MULT			R   G	B	A		MIN		MAX		MAX RAD	REJECT	MIN		MAX				MTL		DECAL	SCALE	    								SCALE	SCALE	#
#########################################################################################################################################################################################################

# FIRE
000		0000	0000	0.0		0.0		000.0	000 000	000	000		0.0		0.0		0.0		0.0		00.0	00.0	0.0		0		-0		0.0	    	-						00.0	0.0		0.0


# ROCKETS
000		0000	0000	0.0		0.0		000.0	000 000	000	000		0.0		0.0		0.0		0.0		-0.0	-0.0	0.00	0		-0		0.0	    	-						00.0	0.0		0.0
000		0000	0000	0.0		0.0		000.0	000 000	000	000		0.0		0.0		0.0		0.0		-0.0	-0.0	0.00	0		-0		0.0	    	-						00.0	0.0		0.0
000		0000	0000	0.0		0.0		000.0	000 000	000	000		0.0		0.0		0.0		0.0		-0.0	-0.0	0.00	0		-0		0.0	    	-						00.0	0.0		0.0
000		0000	0000	0.0		0.0		000.0	000 000	000	000		0.0		0.0		0.0		0.0		-0.0	-0.0	0.00	0		-0		0.0	    	-						00.0	0.0		0.0
000		0000	0000	0.0		0.0		000.0	000 000	000	000		0.0		0.0		0.0		0.0		-0.0	-0.0	0.00	0		-0		0.0	    	-						00.0	0.0		0.0
000		0000	0000	0.0		0.0		000.0	000 000	000	000		0.0		0.0		0.0		0.0		-0.0	-0.0	0.00	0		-0		0.0	    	-						00.0	0.0		0.0
000		0000	0000	0.0		0.0		000.0	000 000	000	000		0.0		0.0		0.0		0.0		-0.0	-0.0	0.00	0		-0		0.0	    	-						00.0	0.0		0.0
000		0000	0000	0.0		0.0		000.0	000 000	000	000		0.0		0.0		0.0		0.0		-0.0	-0.0	0.00	0		-0		0.0	    	-						00.0	0.0		0.0

#GRENADE
000		0000	0000	0.0		0.0		000.0	000 000	000	000		0.00	0.00	0.0		0.0		-0.0	-0.0	0.00	0		-0		0.0	    	-						00.0	0.0		0.0
000		0000	0000	0.0		0.0		000.0	000 000	000	000		0.00	0.00	0.0		0.0		-0.0	-0.0	0.00	0		-0		0.0	    	-						00.0	0.0		0.0
000		0000	0000	0.0		0.0		000.0	000 000	000	000		0.00	0.00	0.0		0.0		-0.0	-0.0	0.00	0		-0		0.0	    	-						00.0	0.0		0.0

# MOLOTOV EXPLOSIONS
000		0000	0000	0.0		0.0		000.0	000 000	000	000		0.0		0.0		0.0		0.0		00.0	00.0	0.0		0		-0		0.0	    	-						00.0	0.0		0.0

# GENERIC
000		0		0		0.0		0.0		00.0	000 000	000	000		0.0		0.0		0.0		0.0		-0.0	-0.0	0.0		0		-0		0.0			-			00.0	0.0		0.0

WEAPONFX_INFO_END
